002249
002375
004382
006668
004261
003189
001874
000043
004796
000764
005823
001160
002181
002816
004476
001396
005780
003858
000653
006998
002143
006313
005753
005597
000054
004380
003589
003168
005750
007137
002822
002870
003766
004678
001457
001340
005956
005009
004267
001367
000910
005409
002413
006129
005547
003596
006589
005259
006346
004013
003768
001319
003060
004912
005684
004677
000673
006132
002785
000245
004621
004575
006226
003933
003784
004671
000086
002819
006979
003732
002607
000652
005207
000989
003044
002731
000649
000861
000830
001338
004240
000387
005388
003463
003681
001561
007040
002648
002943
007234
004793
006645
005768
003720
003359
006573
000789
000813
002379
001045
004269
006327
000929
003957
006119
002155
004538
003832
001842
004069
000817
000914
004719
000115
005742
005563
001293
001385
005442
005608
005483
006192
006820
007444
003575
003744
004354
005281
004497
002061
001690
000605
001490
001903
005092
003119
001453
001993
001949
000160
007160
002559
001839
002003
006431
001832
005148
001473
002869
005592
006438
006311
002412
003654
002608
002759
001922
005599
000860
002637
003951
000775
005111
006526
001611
000010
006128
002515
002088
001090
000616
003650
000640
004115
001348
001434
004554
006374
005860
003188
000675
000651
002824
007457
007459