002637
000322
004366
006084
000084
004886
006361
005641
006303
003044
007361
003636
005804
005622
005522
004558
002662
007249
004283
005710
000487
003140
000609
006607
004023
001598
001724
000623
002987
001935
003479
005738
003462
006905
001220
004614
003086
006838
001299
006871
003625
001646
000656
000400
003270
007320
004276
002803
001285
003799
004840
007438
006492
003486
002395
002553
000014
000742
001963
000295
000573
003939
002780
007097
005838
000068
001874
000890
003714
003072
001843
002006
006149
003284
004179
002007
000921
003867
005483
005394
004262
005029
001773
000110
004518
000348
002634
006821
006622
003816
002318
004819
004554
005225
005761
003541
006143
005433
006640
006319
005432
003362
000277
004747
006795
003849
006932
003581
004478
001423
000829
000189
001204
005475
003104
000662
000586
001434
001608
005490
003459
001716
000786
007017
002660
004572
001406
007465
000616
005283
003637
002614
006460
003493
002481
000582
007248
002063
000338
004701
000425
005715
004884
001420
003268
003333
002484
006237
000259
003685
002829
005060
003390
000150
002449
007333
004812
002915
001003
003514
002973
003853
003603
006264
007474
006443
003026
001652
004062
003100
004387
002242
005626
002059
006547
004024
001156
007461
000585
003579
002267
000760
002697
007355
003790