004854
004479
000206
006985
005235
000300
000219
000424
002691
001142
005223
006455
004533
000292
006398
001906
005046
005636
003198
001790
004592
003603
002394
000271
002918
004181
006254
004712
004410
001005
002518
004964
002210
003321
002649
000133
006101
002213
000470
003105
002632
005591
000891
003147
000178
001551
000353
003698
002870
003493
000287
002609
007142
001792
006260
005851
003505
002906
004723
006158
000034
000828
001049
003213
002192
005583
000141
005987
002342
007328
007460
001373
005627
003731
004339
007316
001957
006500
004054
002832
003120
002545
004050
001830
006739
005979
001821
000755
003249
003888
003154
005245
005541
006857
006082
003625
003309
003656
005500
007465
003201
000861
001506
000646
006226
002205
003510
004955
003569
001639
002554
003754
005547
006375
005593
006157
000240
002754
004304
006970
001449
001000
006689
003285
006361
006580
003374
006201
001105
001584
006089
000712
004833
001842
004643
004975
005915
000596
007427
005475
003477
002622
000525
000032
005946
002157
006842
000794
005492
002162
005520
003700
005440
003988
001301
007222
000820
005733
006443
003850
000791
006414
004269
003801
005991
003193
004394
004227
001247
004524
005353
000833
002309
000735
003587
002312
000668
006661
006893
003507
005409
007220
002940
005042
006319